H GTH-HCTH120-q1 GTH-HCTH120
    1
     0.20000000    2    -4.17956174     0.72571934
    0  SOC
#
C GTH-HCTH120-q4 GTH-HCTH120
    2    2
     0.33476327    2    -8.73799634     1.35592059
    2  SOC
     0.30224259    1     9.60562026
     0.29150776    1     0.00000000
                         0.00207043
#
N GTH-HCTH120-q5 GTH-HCTH120
    2    3
     0.28289705    2   -12.19488993     1.83989918
    2  SOC
     0.25526540    1    13.60420273
     0.24618482    1     0.00000000
                         0.00411058
#
O GTH-HCTH120-q6 GTH-HCTH120
    2    4
     0.24476117    2   -16.35853832     2.42680904
    2  SOC
     0.22092765    1    18.29885210
     0.21259318    1     0.00000000
                         0.00742552
#
F GTH-HCTH120-q7 GTH-HCTH120
    2    5
     0.21555878    2   -21.21402136     3.11524496
    2  SOC
     0.19472662    1    23.68789289
     0.18667491    1     0.00000000
                         0.01250039
#
P GTH-HCTH120-q5 GTH-HCTH120
    2    3
     0.43000000    1    -5.55967117
    2  SOC
     0.39982658    2    10.60103244    -3.26897992
                                        4.22023493
     0.45131904    2     2.95015425     0.00000000
                                        0.00000000
                         0.02475754    -0.01949602
                                        0.02306800
#
Ar GTH-HCTH120-q8 GTH-HCTH120
    2    6
     0.40000000    1    -7.01660399
    2  SOC
     0.31726372    2    17.43470209    -5.68655497
                                        7.34131090
     0.35199759    2     4.99753699     0.00000000
                                        0.00000000
                         0.05686243    -0.03873012
                                        0.04582610
#
H GTH-HCTH407-q1 GTH-HCTH407
    1
     0.20000000    2    -4.17855435     0.72595112
    0  SOC
#
C GTH-HCTH407-q4 GTH-HCTH407
    2    2
     0.33895449    2    -8.64070432     1.35762517
    2  SOC
     0.30236220    1     9.59681173
     0.29159277    1     0.00000000
                         0.00206854
#
N GTH-HCTH407-q5 GTH-HCTH407
    2    3
     0.28580927    2   -12.16723704     1.85814414
    2  SOC
     0.25533910    1    13.60665370
     0.24645801    1     0.00000000
                         0.00409901
#
O GTH-HCTH407-q6 GTH-HCTH407
    2    4
     0.24634413    2   -16.39807931     2.45634724
    2  SOC
     0.22101140    1    18.29754812
     0.21441275    1     0.00000000
                         0.00725266
#
