H GTH-OLYP-q1 GTH-OLYP
    1
     0.20000000    2    -4.16025705     0.71696182
    0  SOC
#
B GTH-OLYP-q3
    2    1
     0.40824397    2    -5.84551716     0.92100194
    2  SOC
     0.37035120    1     6.31003106
     0.35773831    1     0.00000000
                         0.00090143
#
C GTH-OLYP-q4
    2    2
     0.33266812    2    -8.65195820     1.32052627
    2  SOC
     0.30204607    1     9.62061855
     0.29182215    1     0.00000000
                         0.00206435
#
N GTH-OLYP-q5
    2    3
     0.28091145    2   -12.16718730     1.82099926
    2  SOC
     0.25510834    1    13.61560292
     0.24679335    1     0.00000000
                         0.00408137
#
O GTH-OLYP-q6 GTH-OLYP
    2    4
     0.24340006    2   -16.34721549     2.41772603
    2  SOC
     0.22079018    1    18.31443918
     0.22008988    1     0.00000000
                         0.00674268
#
F GTH-OLYP-q7
    2    5
     0.21382039    2   -21.28598900     3.12167577
    2  SOC
     0.19453412    1    23.73308173
     0.16302766    1     0.00000000
                         0.01894060
#
P GTH-OLYP-q5
    2    3
     0.43000000    1    -4.69763642
    2  SOC
     0.39666347    2    10.63544240    -3.29388139
                                        4.25238258
     0.44942590    2     2.88712442     0.00000000
                                        0.00000000
                         0.02517608    -0.01988705
                                        0.02353068
#
S GTH-OLYP-q6
    2    4
     0.42000000    1    -5.70095751
    2  SOC
     0.36360282    2    13.23499116    -4.28266416
                                        5.52889566
     0.40854250    2     3.70359686     0.00000000
                                        0.00000000
                         0.03453799    -0.02612078
                                        0.03090652
#
Cl GTH-OLYP-q7
    2    5
     0.41000000    1    -6.18936120
    2  SOC
     0.33820768    2    15.35745265    -4.99108675
                                        6.44346529
     0.37732312    2     4.35487695     0.00000000
                                        0.00000000
                         0.04504656    -0.03225999
                                        0.03817053
#
