H GTH-BP-q1 GTH-BP
    1
     0.20000000    2    -4.18576872     0.72693955
    0  SOC
#
He GTH-BP-q2 GTH-BP
    2
     0.20000000    2    -9.13007508     1.70547521
    0  SOC
#
Li GTH-BP-q3 GTH-BP
    3
     0.40000000    4   -14.06056862     9.58589939    -1.77248513     0.08455183
    0  SOC
#
Be GTH-BP-q4 GTH-BP
    4
     0.32500000    4   -24.05179710    17.25001598    -3.33397632     0.16556913
    0  SOC
#
B GTH-BP-q3 GTH-BP
    2    1
     0.41689069    2    -5.92229378     0.92456157
    2  SOC
     0.37107711    1     6.29599634
     0.35853552    1     0.00000000
                         0.00089671
#
C GTH-BP-q4 GTH-BP
    2    2
     0.33679692    2    -8.86848685     1.35447596
    2  SOC
     0.30241022    1     9.62271161
     0.28961690    1     0.00000000
                         0.00211120
#
N GTH-BP-q5 GTH-BP
    2    3
     0.28309178    2   -12.45088915     1.87519554
    2  SOC
     0.25528977    1    13.63656889
     0.24443710    1     0.00000000
                         0.00420024
#
O GTH-BP-q6 GTH-BP
    2    4
     0.24401839    2   -16.70590802     2.49292672
    2  SOC
     0.22086487    1    18.34759371
     0.21290362    1     0.00000000
                         0.00740576
#
F GTH-BP-q7 GTH-BP
    2    5
     0.21448854    2   -21.61832219     3.20543202
    2  SOC
     0.19461036    1    23.75712327
     0.18640875    1     0.00000000
                         0.01256622
#
Ne GTH-BP-q8 GTH-BP
    2    6
     0.19000000    2   -27.05603079     4.33563519
    2  SOC
     0.17609718    2    28.15075707     0.83365601
                                       -1.07624528
     0.19349680    1    -0.24066336
                         0.01330998
#
Na GTH-BP-q1
    1
     0.75473588    1    -2.13985326
    2  SOC
     0.72207334    2     2.08932802    -0.33891173
                                        0.43753317
     0.87531990    1     0.49722485
                         0.00229808
#
Na GTH-BP-q9 GTH-BP
    3    6
     0.18000000    2    -8.85742877     3.94154982
    2  SOC
     0.14021499    1    38.68824949
     0.14800365    1    -7.53706805
                         0.03171192
#
Na GTH-BP-q9_old
    3    6
     0.21033221    2     1.69258850     0.50357981
    2  SOC
     0.13173054    1    40.12933608
     0.14067337    1   -12.69190352
                         0.03635239
#
Mg GTH-BP-q10 GTH-BP
    4    6
     0.20344528    2   -19.14863290     2.82311627
    2  SOC
     0.14101308    1    40.61528144
     0.10485644    1   -10.81236006
                         0.09788317
#
Al GTH-BP-q3 GTH-BP
    2    1
     0.45000000    1    -7.51792352
    2  SOC
     0.48626591    2     6.97775636    -1.91568248
                                        2.47313545
     0.56192765    2     1.85584177     0.00000000
                                        0.00000000
                         0.01323920    -0.01256116
                                        0.01486256
#
Si GTH-BP-q4 GTH-BP
    2    2
     0.44000000    1    -6.31784112
    2  SOC
     0.43603553    2     8.90462481    -2.69406309
                                        3.47802049
     0.49841919    2     2.41937486     0.00000000
                                        0.00000000
                         0.01872733    -0.01623667
                                        0.01921149
#
P GTH-BP-q5 GTH-BP
    2    3
     0.43000000    1    -5.89229627
    2  SOC
     0.39681575    2    10.93288778    -3.45803253
                                        4.46430080
     0.44912129    2     3.03004831     0.00000000
                                        0.00000000
                         0.02592002    -0.02088332
                                        0.02470948
#
S GTH-BP-q6 GTH-BP
    2    4
     0.42000000    1    -6.03304243
    2  SOC
     0.36545997    2    13.05126503    -4.21706733
                                        5.44421051
     0.41024550    2     3.67822896     0.00000000
                                        0.00000000
                         0.03472626    -0.02624780
                                        0.03105681
#
Cl GTH-BP-q7 GTH-BP
    2    5
     0.41000000    1    -6.39460178
    2  SOC
     0.34001772    2    15.11347341    -4.90811514
                                        6.33634940
     0.37914105    2     4.30633607     0.00000000
                                        0.00000000
                         0.04504521    -0.03215038
                                        0.03804084
#
Ar GTH-BP-q8 GTH-BP
    2    6
     0.40000000    1    -7.10000000
    2  SOC
     0.31922565    2    17.15805529    -5.55332249
                                        7.16930851
     0.35391145    2     4.94347383     0.00000000
                                        0.00000000
                         0.05681598    -0.03876196
                                        0.04586377
#
K GTH-BP-q9 GTH-BP
    3    6
     0.40000000    2    -3.20803677    -1.13958016
    2  SOC
     0.30531669    2    17.82113209    -5.62459155
                                        7.26131647
     0.31728644    2     7.27073764    -2.45836276
                                        2.90877405
                         0.08865531    -0.06881746
                                        0.08142592
#
Ca GTH-BP-q10 GTH-BP
    4    6
     0.39000000    2    -5.15066460    -1.27635919
    3  SOC
     0.29180561    2    20.37501847    -6.39225402
                                        8.25236446
     0.30585091    2     8.08679088    -2.35194765
                                        2.78286199
                         0.15728531    -0.18975832
                                        0.22452508
     0.69084590    1     0.05057463
                         0.00045683
#
Sc GTH-BP-q11 GTH-BP
    4    6    1
     0.38500000    2     8.15113811    -0.54578786
    3  SOC
     0.36408582    2     2.63374349     3.01189542
                                       -3.88834027
     0.24337293    2    -2.59643301     7.97785436
                                       -9.43952457
                         0.21406395    -0.12072126
                                        0.14283933
     0.25316272    1    -8.16168667
                         0.00481122
#
Ti GTH-BP-q12 GTH-BP
    4    6    2
     0.38000000    2     8.75240544    -0.72051287
    3  SOC
     0.33725619    2     2.57793688     3.67192953
                                       -4.74044064
     0.24244686    2    -4.63571761     8.84700754
                                      -10.46792049
                         0.20224084    -0.06926716
                                        0.08195800
     0.24327738    1    -9.40815808
                         0.00583168
#
V GTH-BP-q13 GTH-BP
    4    6    3
     0.37500000    2     7.15179161    -0.34356487
    3  SOC
     0.32978741    2     1.96706044     4.72624160
                                       -6.10155167
     0.24617385    2    -5.58236403     8.79691014
                                      -10.40864444
                         0.17603798    -0.03539841
                                        0.04188397
     0.24115908    1    -9.44742960
                         0.00652758
#
Cr GTH-BP-q14 GTH-BP
    3    6    5
     0.37000000    2     5.65864275    -0.68098927
    3  SOC
     0.31450745    2     2.82535174     5.00194988
                                       -6.45748952
     0.24079099    2    -4.43722064     7.25268232
                                       -8.58148945
                         0.16393091     0.00849326
                                       -0.01004936
     0.22035720    1   -11.18549799
                         0.00894304
#
Mn GTH-BP-q15 GTH-BP
    4    6    5
     0.36500000    2     6.08697327    -0.45767880
    3  SOC
     0.29664936    2     1.82641604     6.37301365
                                       -8.22752524
     0.24691092    2    -6.51555304     7.91051030
                                       -9.35984202
                         0.16696062    -0.01974191
                                        0.02335894
     0.22235797    1   -11.61828411
                         0.00954509
#
Fe GTH-BP-q16 GTH-BP
    4    6    6
     0.36000000    2     6.76627078    -0.22960467
    3  SOC
     0.27801949    2     0.64092335     7.90310889
                                      -10.20286971
     0.25211093    2    -7.91342590     7.66613465
                                       -9.07069285
                         0.10854545     0.06334195
                                       -0.07494721
     0.22286543    1   -12.38774903
                         0.01037542
#
Co GTH-BP-q17 GTH-BP
    4    6    7
     0.35500000    2     3.11870813     0.60978675
    3  SOC
     0.27344715    2     0.60869990     9.05959793
                                      -11.69589063
     0.24486485    2    -8.73194160     9.19441838
                                      -10.87898254
                         0.02925728     0.21093380
                                       -0.24958023
     0.22321373    1   -11.65940289
                         0.01138097
#
Ni GTH-BP-q18 GTH-BP
    4    6    8
     0.35000000    2     1.98092026     0.67873534
    3  SOC
     0.26151729    2     0.64051423     9.97129765
                                      -12.87288991
     0.22299669    2   -11.03584887    12.32415881
                                      -14.58214136
                         0.19014350     0.06109536
                                       -0.07228901
     0.21531615    1   -12.60737765
                         0.01349958
#
Cu GTH-BP-q11 GTH-BP
    1    0   10
     0.53000000    0
    3  SOC
     0.42826021    3     9.92997278    -6.73378071     2.06123370
                                       12.04587038    -5.32208253
                                                       4.22427205
     0.56179993    2     2.52706517    -0.76026621
                                        0.89955911
                         0.09134356    -0.11282255
                                        0.13349344
     0.26481830    1   -12.79028986
                         0.01047246
#
Zn GTH-BP-q12 GTH-BP
    2    0   10
     0.51000000    0
    3  SOC
     0.39853504    3    11.71430184    -8.95271466     3.10389577
                                       16.60639177    -8.01422441
                                                       6.36109342
     0.54277993    2     2.59454952    -0.56410898
                                        0.66746275
                         0.10059374    -0.10802690
                                        0.12781915
     0.25119891    1   -14.42369639
                         0.01274218
#
Ga GTH-BP-q13 GTH-BP
    2    1   10
     0.49000000    0
    3  SOC
     0.39614555    3    12.22933993    -7.15254431     2.02087227
                                       12.52084398    -5.21786976
                                                       4.14155572
     0.57682875    2     1.65710194     0.27257669
                                       -0.32251709
                         0.07542069    -0.04799375
                                        0.05678697
     0.23837295    1   -16.19719645
                         0.01547408
#
Ge GTH-BP-q4 GTH-BP
    2    2
     0.54000000    0
    3  SOC
     0.42652691    3     7.46008807    -0.10148543    -1.79977798
                                       -2.79632198     4.64700676
                                                      -3.68844727
     0.57081829    2     0.83232240     0.67204801
                                       -0.79517793
                         0.07420422    -0.02934849
                                        0.03472561
     0.80229340    1     0.20140599
                         0.00223781
#
As GTH-BP-q5 GTH-BP
    2    3
     0.52000000    0
    3  SOC
     0.45615688    3     5.51837021     0.17312741    -1.14220882
                                       -2.08130930     2.94917048
                                                      -2.34083150
     0.55642685    2     0.96871581     0.69251828
                                       -0.81939868
                         0.07812831    -0.03056611
                                        0.03616631
     0.70085191    1     0.31310326
                         0.00341659
#
Se GTH-BP-q6 GTH-BP
    2    4
     0.51000000    0
    3  SOC
     0.43378134    3     6.42760223    -0.11666018    -1.25092543
                                       -1.88402272     3.22987558
                                                      -2.56363426
     0.47287696    2     2.19350862     0.46354749
                                       -0.54847679
                         0.15174716    -0.08868825
                                        0.10493735
     0.61779280    1     0.45787624
                         0.00521157
#
Br GTH-BP-q7 GTH-BP
    2    5
     0.50000000    0
    3  SOC
     0.43844329    3     6.02809057     0.36950836    -1.26583607
                                       -2.53591576     3.26837467
                                                      -2.59419197
     0.45265302    2     2.45444938     0.55326441
                                       -0.65463128
                         0.17469218    -0.09868258
                                        0.11676281
     0.57270080    1     0.53453193
                         0.00627263
#
Kr GTH-BP-q8 GTH-BP
    2    6
     0.50000000    0
    3  SOC
     0.42201160    3     6.43640090     0.55484448    -1.49019203
                                       -3.14009866     3.84765927
                                                      -3.05398486
     0.43381353    2     2.58759250     0.72129118
                                       -0.85344324
                         0.20057344    -0.10865660
                                        0.12856423
     0.54760510    1     0.52878835
                         0.00672510
#
Zr GTH-BP-q12 GTH-BP
    4    6    2
     0.47000000    2     7.71710396    -1.87349588
    3  SOC
     0.26012850    2    23.33316266    -8.48756302
                                       10.95739674
     0.28909449    2     8.57471103    -5.33803887
                                        6.31605277
                         0.99836616    -1.38922136
                                        1.64374888
     0.57923104    2     0.03180631     0.27415481
                                       -0.31086233
                        -0.00249429     0.01082010
                                       -0.01226884
#
Ru GTH-BP-q16 GTH-BP
    3    6    7
     0.43000000    2    14.95348689    -0.02426473
    3  SOC
     0.35723814    2    -1.36117090     5.92761103
                                       -7.65251293
     0.36153743    2    -4.67111662     4.55280704
                                       -5.38695393
                         0.26125760     0.04040413
                                       -0.04780681
     0.47093469    2     0.51873585    -2.29176040
                                        2.59861204
                        -0.02452836     0.04787320
                                       -0.05428310
#
Te GTH-BP-q6 GTH-BP
    2    4
     0.57500000    1     8.45045608
    3  SOC
     0.57841719    3     1.43632249     1.01620377    -0.52198665
                                       -2.16092478     1.34776374
                                                      -1.06975431
     0.60416533    2     0.67900355     0.42745229
                                       -0.50576837
                         0.26232651    -0.10115664
                                        0.11969015
     0.80633893    1     0.35636810
                         0.00968443
#
Cs GTH-BP-q1
    1
     1.20000000    0
    3  SOC
     1.15311277    3     0.93256439     0.00814108    -0.14921814
                                       -0.25321342     0.38527959
                                                      -0.30580619
     1.29745832    2     0.63229903    -0.43114835
                                        0.51014161
                         0.09182444    -0.15037295
                                        0.17792367
     1.01147944    1    -0.69777439
                         0.00402818
#
Cs GTH-BP-q9 GTH-BP
    3    6
     0.54000000    2    33.18925821    -2.80669630
    4  SOC
     0.44888547    2    -3.15382781     3.31288554
                                       -4.27691685
     0.36087547    3    -5.24766705     3.25354824     0.00000000
                                       -3.84965020     0.00000000
                                                       0.00000000
                         0.59992584    -5.39456390     0.42887031
                                        7.09693775    -1.01489239
                                                       0.72128942
     0.76171895    1     0.18517971
                         0.01064246
     0.33862935    1   -16.82118432
                         0.00541103
#
Au GTH-BP-q11
    1    0   10
     0.59000000    1    10.62376865
    3  SOC
     0.53803750    2     6.00785520    -2.34452337
                                        3.02676666
     0.60560054    2     4.37533897    -4.26458410
                                        5.04592396
                         1.28088214    -2.50839829
                                        2.96797689
     0.43922932    2    -7.29174553     2.89836819
                                       -3.28644061
                        -0.12553595     0.26743662
                                       -0.30324462
#
