H GTH-BLYP-q1 GTH-BLYP
    1
     0.20000000    2    -4.19596147     0.73049821
    0  SOC
#PSEUDOPOTENTIAL
He GTH-BLYP-q2 GTH-BLYP
    2
     0.20000000    2    -9.14737128     1.71197792
    0  SOC
#PSEUDOPOTENTIAL
Li GTH-BLYP-q3 GTH-BLYP
    3
     0.40000000    4   -14.11679756     9.67724760    -1.79886461     0.08624957
    0  SOC
#PSEUDOPOTENTIAL
Be GTH-BLYP-q4 GTH-BLYP
    4
     0.32500000    4   -24.08977105    17.30275720    -3.34561015     0.16601474
    0  SOC
#PSEUDOPOTENTIAL
B GTH-BLYP-q3 GTH-BLYP
    2    1
     0.42407181    2    -6.10890761     0.98586957
    2  SOC
     0.37086003    1     6.34339578
     0.34936716    1     0.00000000
                         0.00097157
#PSEUDOPOTENTIAL
C GTH-BLYP-q4 GTH-BLYP
    2    2
     0.33806609    2    -9.13626871     1.42925956
    2  SOC
     0.30232223    1     9.66551228
     0.28637912    1     0.00000000
                         0.00218693
#PSEUDOPOTENTIAL
N GTH-BLYP-q5 GTH-BLYP
    2    3
     0.28287094    2   -12.73646720     1.95107926
    2  SOC
     0.25523449    1    13.67893172
     0.24313253    1     0.00000000
                         0.00427174
#PSEUDOPOTENTIAL
O GTH-BLYP-q6 GTH-BLYP
    2    4
     0.24342026    2   -16.99189235     2.56614206
    2  SOC
     0.22083140    1    18.38885102
     0.21720070    1     0.00000000
                         0.00701707
#PSEUDOPOTENTIAL
F GTH-BLYP-q7 GTH-BLYP
    2    5
     0.21384014    2   -21.90241518     3.27597572
    2  SOC
     0.19459028    1    23.79658295
     0.18786326    1     0.00000000
                         0.01231140
#PSEUDOPOTENTIAL
Ne GTH-BLYP-q8 GTH-BLYP
    2    6
     0.19000000    2   -28.61959769     4.15549516
    2  SOC
     0.17823784    2    27.95784886     0.83365601
                                       -1.07624528
     0.15276372    1     0.33116999
                         0.02536097
#PSEUDOPOTENTIAL
Na GTH-BLYP-q1
    1
     0.69776697    1    -1.37447347
    2  SOC
     0.73364610    2     1.58066758    -0.03315581
                                        0.04280397
     0.89412359    1     0.32941028
                         0.00216182
#PSEUDOPOTENTIAL
Na GTH-BLYP-q9 GTH-BLYP
    3    6
     0.18000000    2    -8.89736724     3.95542446
    2  SOC
     0.14032741    1    38.64061548
     0.14772823    1    -7.58510197
                         0.03191433
#PSEUDOPOTENTIAL
Na GTH-BLYP-q9_old
    3    6
     0.23396502    2    -2.68948346    -0.50947770
    2  SOC
     0.14977690    1    32.85715860
     0.12319901    1   -13.99900802
                         0.06643935
#PSEUDOPOTENTIAL
Mg GTH-BLYP-q10 GTH-BLYP
    4    6
     0.20098403    2   -19.33029317     2.86005812
    2  SOC
     0.14107967    1    40.67473040
     0.10456134    1   -10.73617094
                         0.09867203
#PSEUDOPOTENTIAL
Mg GTH-BLYP-q2
    2
     0.61697665    1    -3.24611921
    2  SOC
     0.60092845    2     3.64729616    -0.76401307
                                        0.98633664
     0.70217751    1     0.94952736
                         0.00434516
#PSEUDOPOTENTIAL
Al GTH-BLYP-q3 GTH-BLYP
    2    1
     0.45000000    1    -7.66683204
    2  SOC
     0.49773601    2     6.46303151    -1.58386957
                                        2.04476682
     0.56545785    2     1.81826715     0.00000000
                                        0.00000000
                         0.01317681    -0.01235619
                                        0.01462004
#PSEUDOPOTENTIAL
Si GTH-BLYP-q4 GTH-BLYP
    2    2
     0.44000000    1    -6.25958674
    2  SOC
     0.44465247    2     8.31460936    -2.33277947
                                        3.01160535
     0.50279207    2     2.33241791     0.00000000
                                        0.00000000
                         0.01834255    -0.01561572
                                        0.01847676
#PSEUDOPOTENTIAL
P GTH-BLYP-q5 GTH-BLYP
    2    3
     0.43000000    1    -5.92953335
    2  SOC
     0.40286945    2    10.41483915    -3.13168757
                                        4.04299126
     0.45245811    2     2.95358263     0.00000000
                                        0.00000000
                         0.02544443    -0.02019126
                                        0.02389063
#PSEUDOPOTENTIAL
S GTH-BLYP-q6 GTH-BLYP
    2    4
     0.42000000    1    -5.98880045
    2  SOC
     0.36973266    2    12.55648450    -3.91290459
                                        5.05153810
     0.41287571    2     3.58772114     0.00000000
                                        0.00000000
                         0.03413380    -0.02540045
                                        0.03005422
#PSEUDOPOTENTIAL
Cl GTH-BLYP-q7 GTH-BLYP
    2    5
     0.41000000    1    -6.35705212
    2  SOC
     0.34311864    2    14.68134781    -4.64034312
                                        5.99065720
     0.38113517    2     4.22292428     0.00000000
                                        0.00000000
                         0.04439771    -0.03122323
                                        0.03694382
#PSEUDOPOTENTIAL
Ar GTH-BLYP-q8 GTH-BLYP
    2    6
     0.40000000    1    -7.10000000
    2  SOC
     0.32154985    2    16.80099893    -5.32871056
                                        6.87933576
     0.35544413    2     4.87719604     0.00000000
                                        0.00000000
                         0.05618134    -0.03790428
                                        0.04484895
#PSEUDOPOTENTIAL
K GTH-BLYP-q9 GTH-BLYP
    3    6
     0.40000000    2    -2.88013377    -1.21143500
    2  SOC
     0.30634684    2    17.51002284    -5.61037883
                                        7.24296793
     0.32105825    2     6.90321066    -2.19925814
                                        2.60219733
                         0.08354010    -0.05991894
                                        0.07089704
#PSEUDOPOTENTIAL
Ca GTH-BLYP-q10 GTH-BLYP
    4    6
     0.39000000    2    -4.03561119    -1.61257448
    3  SOC
     0.28936507    2    20.42566030    -7.23674813
                                        9.34260166
     0.31177925    2     7.53169389    -2.08537690
                                        2.46745122
                         0.14689663    -0.16976881
                                        0.20087317
     0.69141876    1     0.05522276
                         0.00045770
#PSEUDOPOTENTIAL
Sc GTH-BLYP-q11 GTH-BLYP
    4    6    1
     0.37687548    2     9.84009747    -1.16586015
    3  SOC
     0.35998897    2     3.30610316     2.54796421
                                       -3.28940766
     0.22099375    2    -0.43488219     6.46425824
                                       -7.64861350
                         0.32060060    -0.40741217
                                        0.48205658
     0.23338021    1   -10.13403863
                         0.00602522
#PSEUDOPOTENTIAL
Ti GTH-BLYP-q12 GTH-BLYP
    4    6    2
     0.38000000    2     8.71144218    -0.70028677
    3  SOC
     0.33777078    2     2.57526386     3.69297065
                                       -4.76760461
     0.24253135    2    -4.63054123     8.87087502
                                      -10.49616087
                         0.20121752    -0.06088315
                                        0.07203791
     0.24331694    1    -9.40665268
                         0.00584456
#PSEUDOPOTENTIAL
V GTH-BLYP-q13 GTH-BLYP
    4    6    3
     0.37500000    2     7.09567441    -0.32225919
    3  SOC
     0.32984260    2     1.99203993     4.73916314
                                       -6.11823331
     0.24621323    2    -5.54974480     8.76420181
                                      -10.36994343
                         0.18318383    -0.05165400
                                        0.06111784
     0.24115328    1    -9.44436162
                         0.00654286
#PSEUDOPOTENTIAL
Cr GTH-BLYP-q14 GTH-BLYP
    3    6    5
     0.37000000    2     5.81498098    -0.67571792
    3  SOC
     0.31671447    2     2.60698311     5.06715750
                                       -6.54167220
     0.23961307    2    -4.66668172     7.57290229
                                       -8.96037883
                         0.22512531    -0.11572588
                                        0.13692871
     0.22092939    1   -11.18989241
                         0.00890546
#PSEUDOPOTENTIAL
Mn GTH-BLYP-q15 GTH-BLYP
    4    6    5
     0.36500000    2     6.17870291    -0.44450988
    3  SOC
     0.29784355    2     1.69433567     6.39053422
                                       -8.25014420
     0.24582549    2    -6.53742440     7.84591162
                                       -9.28340782
                         0.16127112    -0.00826880
                                        0.00978378
     0.22244655    1   -11.66961579
                         0.00954300
#PSEUDOPOTENTIAL
Fe GTH-BLYP-q16 GTH-BLYP
    4    6    6
     0.36000000    2     7.01102510    -0.22274667
    3  SOC
     0.27620533    2     0.61149598     7.99235733
                                      -10.31808895
     0.24713005    2    -8.71055592     8.68416924
                                      -10.27524761
                         0.12320011     0.05927722
                                       -0.07013775
     0.22353398    1   -12.41150401
                         0.01032322
#PSEUDOPOTENTIAL
Co GTH-BLYP-q17 GTH-BLYP
    4    6    7
     0.35500000    2     3.43297847     0.61491331
    3  SOC
     0.27555403    2     0.19362864     9.18128009
                                      -11.85298162
     0.24312795    2    -8.92204873     9.23263048
                                      -10.92419570
                         0.11254274     0.08837579
                                       -0.10456764
     0.22362456    1   -11.75878279
                         0.01134240
#PSEUDOPOTENTIAL
Ni GTH-BLYP-q18 GTH-BLYP
    4    6    8
     0.35000000    2     4.07602942     0.23312841
    3  SOC
     0.25714683    2     0.09878517    10.14864210
                                      -13.10184061
     0.24975271    2    -8.34861501     7.26677120
                                       -8.59815964
                         0.06319936     0.14853671
                                       -0.17575101
     0.21247761    1   -13.67293293
                         0.01389591
#PSEUDOPOTENTIAL
Cu GTH-BLYP-q11 GTH-BLYP
    1    0   10
     0.53000000    0
    3  SOC
     0.43078178    3    10.29852604    -6.05837033     1.70054574
                                       10.58726032    -4.39079021
                                                       3.48508169
     0.55080544    2     2.74458701    -0.86295510
                                        1.02106225
                         0.09860631    -0.13039301
                                        0.15428309
     0.26558610    1   -12.66158247
                         0.01049591
#PSEUDOPOTENTIAL
Cu GTH-BLYP-q19
    3    6   10
     0.34500000    2     0.00729001     1.26270041
    3  SOC
     0.25025136    2     0.78207556    10.69795592
                                      -13.81100171
     0.22145058    2   -13.10305990    14.86802590
                                      -17.59208548
                         0.13673156     0.19670360
                                       -0.23274283
     0.21548515    1   -12.45211713
                         0.01482908
#PSEUDOPOTENTIAL
Zn GTH-BLYP-q12 GTH-BLYP
    2    0   10
     0.51000000    0
    3  SOC
     0.39855016    3    11.95945993    -8.66522085     2.80807710
                                       15.75408976    -7.25042390
                                                       5.75484556
     0.54556247    2     2.51050004    -0.44032483
                                        0.52099937
                         0.09865412    -0.10272221
                                        0.12154255
     0.25168465    1   -14.32309848
                         0.01276596
#PSEUDOPOTENTIAL
Zn GTH-BLYP-q20
    4    6   10
     0.34000000    2     0.69029187     1.23803712
    3  SOC
     0.24511603    2    -1.58948215    12.87573398
                                      -16.62250109
     0.23151219    2   -10.91449266     9.54377070
                                      -11.29234178
                         0.02258322     0.27627630
                                       -0.32689453
     0.20860634    1   -14.24182139
                         0.01732202
#PSEUDOPOTENTIAL
Ga GTH-BLYP-q13 GTH-BLYP
    2    1   10
     0.49000000    0
    3  SOC
     0.39467346    3    12.48450375    -7.17987436     1.92607131
                                       12.40193316    -4.97309473
                                                       3.94727157
     0.58027448    2     1.59145844     0.32153951
                                       -0.38045068
                         0.07392145    -0.04600991
                                        0.05443966
     0.23867979    1   -16.11979876
                         0.01549823
#PSEUDOPOTENTIAL
Ga GTH-BLYP-q3
    2    1
     0.56000000    0
    3  SOC
     0.57532960    3     2.06609505     1.21904266    -0.87326380
                                       -2.99414098     2.25475743
                                                      -1.78965823
     0.67710486    2     0.14524752     0.72041368
                                       -0.85240496
                         0.03602389    -0.00400132
                                        0.00473443
     0.94154174    1     0.10030959
                         0.00111860
#PSEUDOPOTENTIAL
Ge GTH-BLYP-q4 GTH-BLYP
    2    2
     0.54000000    0
    3  SOC
     0.42737427    3     7.55651469    -0.07090242    -1.72596317
                                       -2.71574467     4.45641774
                                                      -3.53717192
     0.57489897    2     0.80056266     0.71307408
                                       -0.84372063
                         0.07276265    -0.02664803
                                        0.03153038
     0.78547258    1     0.21870790
                         0.00244567
#PSEUDOPOTENTIAL
As GTH-BLYP-q5 GTH-BLYP
    2    3
     0.52000000    0
    3  SOC
     0.45698284    3     5.57976394     0.11777254    -0.99243898
                                       -1.76624582     2.56246643
                                                      -2.03389468
     0.55494716    2     1.00097684     0.68325082
                                       -0.80843328
                         0.07972863    -0.03099930
                                        0.03667887
     0.68498074    1     0.34818137
                         0.00382359
#PSEUDOPOTENTIAL
Se GTH-BLYP-q6 GTH-BLYP
    2    4
     0.51000000    0
    3  SOC
     0.43367514    3     6.43369922    -0.22063995    -1.17545323
                                       -1.62702987     3.03500718
                                                      -2.40896227
     0.47248310    2     2.23970327     0.40191857
                                       -0.47555647
                         0.15331399    -0.08979642
                                        0.10624855
     0.60911821    1     0.49494679
                         0.00563899
#PSEUDOPOTENTIAL
Br GTH-BLYP-q7 GTH-BLYP
    2    5
     0.50000000    0
    3  SOC
     0.43612268    3     6.23128313     0.21889262    -1.12467641
                                       -2.11187548     2.90390201
                                                      -2.30490077
     0.45379296    2     2.46574310     0.49636818
                                       -0.58731075
                         0.17381301    -0.09789674
                                        0.11583298
     0.53315603    1     0.74724056
                         0.00922547
#PSEUDOPOTENTIAL
Kr GTH-BLYP-q8 GTH-BLYP
    2    6
     0.50000000    0
    3  SOC
     0.42362066    3     6.37382917     0.49858632    -1.41991709
                                       -2.95316749     3.66621015
                                                      -2.90996409
     0.43391338    2     2.63230352     0.64517712
                                       -0.76338386
                         0.20138044    -0.10962778
                                        0.12971333
     0.51315369    1     0.70954468
                         0.00935579
#PSEUDOPOTENTIAL
Rb GTH-BLYP-q9
    3    6
     0.49000000    2     5.75447985    -0.48374192
    3  SOC
     0.25518839    2    30.72215135   -12.19094908
                                       15.73844759
     0.33800292    2     4.39362252     0.00000000
                                        0.00000000
                         0.52109682    -0.60072219
                                        0.71078408
     0.58372659    1     0.18537105
                         0.00517045
#PSEUDOPOTENTIAL
Sr GTH-BLYP-q10 GTH-BLYP
    4    6
     0.48000000    2     6.75494554    -1.12140847
    3  SOC
     0.27574829    2    20.90591056    -7.66251431
                                        9.89226343
     0.27951874    2    11.83709620   -11.14034857
                                       13.18143819
                         1.40018315    -2.46700888
                                        2.91900428
     0.53145306    1     0.32212393
                         0.00723386
#PSEUDOPOTENTIAL
Y GTH-BLYP-q11 GTH-BLYP
    4    6    1
     0.47500000    2    12.12173196    -2.23590662
    3  SOC
     0.24768420    2    22.15257967    -7.66355161
                                        9.89360259
     0.29467778    2     5.85308697    -5.77308732
                                        6.83080904
                         1.30982337    -2.64191848
                                        3.12596010
     0.45213814    2     1.12663777    -1.27929123
                                        1.45057990
                         0.01194217     0.00148803
                                       -0.00168727
#PSEUDOPOTENTIAL
Zr GTH-BLYP-q12 GTH-BLYP
    4    6    2
     0.47000000    2     7.68287419    -1.83482397
    3  SOC
     0.26098833    2    22.58608773    -8.39346102
                                       10.83591158
     0.28950143    2     8.50003567    -5.29014738
                                        6.25938680
                         1.00471258    -1.39881333
                                        1.65509826
     0.57680903    2     0.04082300     0.26426022
                                       -0.29964293
                        -0.00243928     0.01088738
                                       -0.01234513
#PSEUDOPOTENTIAL
Mo GTH-BLYP-q14 GTH-BLYP
    3    6    5
     0.43000000    2    28.10289595    -4.36588317
    3  SOC
     0.34238035    2    -0.06850864     2.98011244
                                       -3.84730862
     0.41442576    2    -0.15765657    -0.95307240
                                        1.12769047
                         0.17840261     0.05046622
                                       -0.05971244
     0.42539061    2     1.13742343    -2.64549690
                                        2.99971152
                         0.00021638     0.02328616
                                       -0.02640403
#PSEUDOPOTENTIAL
Ru GTH-BLYP-q16 GTH-BLYP
    3    6    7
     0.43000000    2    26.85974124    -5.05749455
    3  SOC
     0.33894617    2    -0.50446833     3.70095133
                                       -4.77790762
     0.42823486    2     0.15024145    -1.32523126
                                        1.56803477
                        -0.17985594     0.51895455
                                       -0.61403530
     0.43752832    2     1.52972881    -2.96335285
                                        3.36012630
                        -0.01539633     0.04229415
                                       -0.04795706
#PSEUDOPOTENTIAL
Rh GTH-BLYP-q17 GTH-BLYP
    3    6    8
     0.42000000    2    27.21859006    -5.26666561
    3  SOC
     0.33775970    2    -0.37805742     3.85156484
                                       -4.97234883
     0.40476998    2    -0.26519119    -0.79135076
                                        0.93633885
                        -0.04835942     0.40590578
                                       -0.48027419
     0.43219447    2     1.68856873    -3.13689837
                                        3.55690842
                        -0.02151269     0.05113252
                                       -0.05797883
#PSEUDOPOTENTIAL
Pd GTH-BLYP-q18 GTH-BLYP
    2    6   10
     0.41000000    2    26.65379780    -4.86862194
    3  SOC
     0.33643267    2    -0.66218232     4.36901475
                                       -5.64037379
     0.41121734    2    -0.16335747    -0.94666822
                                        1.12011294
                        -0.34640095     0.76889888
                                       -0.90977342
     0.44038158    2     1.64374463    -3.09751466
                                        3.51225149
                        -0.03155798     0.06254070
                                       -0.07091449
#PSEUDOPOTENTIAL
Ag GTH-BLYP-q11 GTH-BLYP
    1    0   10
     0.57000000    1     0.27329871
    3  SOC
     0.53113691    3     9.45447859    -4.73986410     0.59512748
                                        7.08711317    -1.53661256
                                                       1.21964841
     0.62572123    2     3.90619533    -1.71774975
                                        2.03246891
                         0.25589684    -0.42619674
                                        0.50428278
     0.40832785    2    -2.77610164    -0.36178338
                                        0.41022380
                        -0.05040151     0.09143388
                                       -0.10367628
#PSEUDOPOTENTIAL
Ag GTH-BLYP-q19
    3    6   10
     0.40000000    2    24.37631116    -4.16834876
    3  SOC
     0.31731325    2     0.69929536     4.25162666
                                       -5.48882642
     0.41393281    2    -0.30767006    -0.44941724
                                        0.53175765
                        -0.17144814     0.56284103
                                       -0.66596249
     0.45569543    2     1.75618266    -3.09368795
                                        3.50791241
                        -0.03336154     0.06201267
                                       -0.07031576
#PSEUDOPOTENTIAL
In GTH-BLYP-q13 GTH-BLYP
    2    1   10
     0.53000000    1     3.57797710
    3  SOC
     0.47995615    3    11.20107941    -6.26219645     1.21444270
                                       10.05975207    -3.13567758
                                                       2.48886692
     0.56617182    2     4.78019859    -2.24059762
                                        2.65111085
                         0.34511108    -0.57126278
                                        0.67592724
     0.37728287    2    -4.24415179    -0.59846912
                                        0.67860020
                        -0.07872456     0.13536773
                                       -0.15349258
#PSEUDOPOTENTIAL
In GTH-BLYP-q3
    2    1
     0.61000000    1     3.20683546
    3  SOC
     0.72668632    3     0.70288050     1.01907230    -0.54239646
                                       -2.19782459     1.40046163
                                                      -1.11158196
     0.85226033    2     0.01176733     0.48673996
                                       -0.57591849
                         0.06279077     0.00256869
                                       -0.00303932
     1.06121328    1     0.15160282
                         0.00295816
#PSEUDOPOTENTIAL
Sb GTH-BLYP-q5 GTH-BLYP
    2    3
     0.59000000    1     7.71520811
    3  SOC
     0.56281517    3     1.46135468     1.28119333    -0.94856576
                                       -3.19685579     2.44918625
                                                      -1.94398132
     0.64746318    2     0.46086693     0.43857096
                                       -0.51892416
                         0.20656798    -0.05839219
                                        0.06909057
     0.85920174    1     0.31255771
                         0.00827495
#PSEUDOPOTENTIAL
Te GTH-BLYP-q6 GTH-BLYP
    2    4
     0.57500000    1     8.54112001
    3  SOC
     0.57657850    3     1.45132840     0.97095302    -0.49085149
                                       -2.05186498     1.26737311
                                                      -1.00594622
     0.60434855    2     0.70106128     0.40189978
                                       -0.47553423
                         0.26458681    -0.09794098
                                        0.11588533
     0.79625711    1     0.38178821
                         0.01038440
#PSEUDOPOTENTIAL
I GTH-BLYP-q7 GTH-BLYP
    2    5
     0.56000000    1    13.73638610
    3  SOC
     0.58939001    3     0.21393489     0.88456526    -0.02067022
                                       -1.17558896     0.05337028
                                                      -0.04236135
     0.54232717    2     0.28721066     0.46932671
                                       -0.55531485
                         0.40188521    -0.20801232
                                        0.24612350
     0.77040507    1     0.30709615
                         0.01171001
#PSEUDOPOTENTIAL
Xe GTH-BLYP-q8
    2    6
     0.56000000    1     8.59949070
    3  SOC
     0.49592925    3     2.81672987     1.44752782    -1.40786958
                                       -4.15865041     3.63510361
                                                      -2.88527404
     0.48311258    2     2.11273917     0.00000000
                                        0.00000000
                         0.60477974    -0.44942572
                                        0.53176769
     0.69721940    1     0.50983839
                         0.01549055
#PSEUDOPOTENTIAL
Cs GTH-BLYP-q9
    3    6
     0.54000000    2    33.07782844    -2.80842052
    4  SOC
     0.45607453    2    -3.56881717     2.63732767
                                       -3.40477539
     0.36820141    3    -5.01061387     0.77988492     0.00000000
                                       -0.92277228     0.00000000
                                                       0.00000000
                         1.57437238    -4.51408532     0.71637516
                                        6.53379317    -1.69525304
                                                       1.20482534
     0.75684499    1     0.20052308
                         0.01094188
     0.58463791    1    -1.70870691
                         0.00200941
#PSEUDOPOTENTIAL
Ba GTH-BLYP-q10 GTH-BLYP
    4    6
     0.54000000    2    24.53545105    -2.47807384
    4  SOC
     0.48569784    2     0.09387924     1.15171729
                                       -1.48686063
     0.39622579    3     0.84537359    -1.74106987     0.00000000
                                        2.06006165     0.00000000
                                                       0.00000000
                         1.36342030    -2.06088251     0.55122185
                                        3.35616939    -1.30442898
                                                       0.92706460
     0.66014281    1     0.42755776
                         0.01819811
     0.30049122    1   -19.65179380
                         0.00609554
#PSEUDOPOTENTIAL
Ba GTH-BLYP-q2
    2
     1.20000000    0
    3  SOC
     1.03638675    3     1.42164527    -0.44534139    -0.07451309
                                        0.45373771     0.19239197
                                                      -0.15270639
     1.25440147    2     0.73041014    -0.29211206
                                        0.34563165
                         0.08616271    -0.10792940
                                        0.12770379
     0.87881774    1    -0.85472852
                         0.00643586
#PSEUDOPOTENTIAL
Ce GTH-BLYP-q12 GTH-BLYP
    4    6    1    1
     0.52864798    2    19.13548995    -0.59690386
    4  SOC
     0.52094620    2    -0.55473220     1.70057992
                                       -2.19543924
     0.45984533    3    -0.92453341     1.99827739     0.00000000
                                       -2.36439369     0.00000000
                                                       0.00000000
                         0.71156537    -0.31578226     0.11098421
                                        0.55841040    -0.26263659
                                                       0.18665722
     0.67639660    1     0.10451755
                         0.01512306
     0.30436847    1   -17.54504586
                         0.00795063
#PSEUDOPOTENTIAL
Gd GTH-BLYP-q18 GTH-BLYP
    4    6    1    7
     0.52166157    2    18.16996137    -0.54313383
    4  SOC
     0.45763555    2    -2.89847533     3.94756205
                                       -5.09628069
     0.45903313    3    -3.22259659     2.93618073    -0.30453227
                                       -3.98113568     0.72065489
                                                      -0.51217326
                         0.59368030    -0.26004061     0.29188596
                                        0.79362981    -0.69072824
                                                       0.49090423
     0.48380572    1    -0.84857548
                         0.05010468
     0.27560057    1   -22.19038178
                         0.01468493
#PSEUDOPOTENTIAL
W GTH-BLYP-q14 GTH-BLYP
    4    6    4
     0.54000000    2     6.68380890    -0.31709158
    3  SOC
     0.39238521    3    -1.92936041     4.30955402     2.23540296
                                       -1.92772713    -5.77178561
                                                       4.58121281
     0.39242369    3    -5.22265341     6.11414396     0.00000000
                                       -7.23435270     0.00000000
                                                       0.00000000
                         0.29105938     1.69959972    -1.52790172
                                       -4.55471685     3.61567538
                                                      -2.56967970
     0.37281208    2    -6.46250589     7.70934709
                                       -8.74157793
                         0.14792529     0.02425254
                                       -0.02749979
#PSEUDOPOTENTIAL
Au GTH-BLYP-q11 GTH-BLYP
    1    0   10
     0.59000000    1    10.81589381
    3  SOC
     0.52572747    2     6.71867015    -2.66620610
                                        3.44205728
     0.60526597    2     4.32132354    -4.09465015
                                        4.84485539
                         1.22308608    -2.50209180
                                        2.96051494
     0.43903160    2    -7.45153985     3.06802476
                                       -3.47881309
                        -0.13007124     0.27589874
                                       -0.31283977
#PSEUDOPOTENTIAL
Au GTH-BLYP-q19
    3    6   10
     0.49000000    2     9.10574107    -0.31170627
    3  SOC
     0.28881911    3    -5.84394846    25.76364500   -14.96878334
                                      -57.60745060    38.64923240
                                                     -30.67687719
     0.35793393    3    -6.87735522     7.88320706     0.00000000
                                       -9.32753639     0.00000000
                                                       0.00000000
                         0.67624200     1.56654531    -1.38797606
                                       -4.16432987     3.28455083
                                                      -2.33434772
     0.33407191    2    -8.71118504     9.49731666
                                      -10.76894486
                         0.18654363     0.03506514
                                       -0.03976013
#PSEUDOPOTENTIAL
Pb GTH-BLYP-q4
    2    2
     0.61750000    1     5.33520808
    3  SOC
     0.62372070    3     0.77431309     2.33644883    -1.62011026
                                       -5.65145200     4.18310671
                                                      -3.32023802
     0.81430558    2     0.08023553     0.61572271
                                       -0.72853293
                         0.28141709     0.01630303
                                       -0.01929000
     0.95575855    1     0.39678153
                         0.02834363
#PSEUDOPOTENTIAL
Bi GTH-BLYP-q15
    2    3   10
     0.51000000    1    13.61415171
    3  SOC
     0.47534187    2    10.01031001    -4.17527106
                                        5.39025176
     0.54300464    3     5.84572146    -3.45677684     0.00000000
                                        4.09011352     0.00000000
                                                       0.00000000
                         1.72170626    -2.48209866     1.23864533
                                        4.99901431    -2.93116983
                                                       2.08319797
     0.39904006    2    -5.95513083     0.85300728
                                       -0.96721934
                        -0.16917488     0.34986026
                                       -0.39670425
#PSEUDOPOTENTIAL
Bi GTH-BLYP-q5 GTH-BLYP
    2    3
     0.60500000    1     8.13212850
    3  SOC
     0.59003694    3     0.58526544     2.28713930    -1.46002100
                                       -5.32740847     3.76975801
                                                      -2.99215266
     0.77185023    2     0.16538598     0.48986468
                                       -0.57961570
                         0.33618913     0.01018503
                                       -0.01205109
     0.93145569    1     0.39528270
                         0.02468322
#PSEUDOPOTENTIAL
